100 100
4	6	6	4	10	2	4	18	14	8	10	6	14	20	18	2	6	14	12	12	10	18	4	12	2	18	2	4	4	2	16	10	12	6	2	8	8	8	20	2	6	10	4	20	14	20	6	2	18	14	20	6	18	18	20	10	8	4	6	14	20	16	8	10	8	12	6	16	16	10	4	6	18	4	14	4	16	4	16	4	4	14	6	14	2	14	4	8	10	16	16	2	20	4	10	10	4	8	2	10
6	109	89	86	75	83	76	47	71	32	45	69	111	90	87	83	69	121	118	88	115	117	16	78	63	127	43	96	66	83	34	55	78	59	23	92	32	112	80	63	19	35	56	120	41	130	29	93	117	91	130	19	87	97	90	105	32	26	89	91	130	84	32	105	32	28	89	114	94	25	66	109	67	16	111	36	64	106	44	56	76	101	39	41	23	101	26	82	85	94	94	103	90	46	85	85	16	82	33	105
6	89	109	94	69	115	74	67	109	46	93	105	129	108	87	79	63	107	128	104	107	123	26	102	105	143	59	132	72	103	80	107	120	103	49	124	76	152	106	93	65	43	82	156	43	158	85	81	153	101	116	71	81	131	132	129	70	34	91	113	122	78	58	93	52	32	133	144	104	65	60	107	101	62	147	78	110	140	58	76	122	139	39	91	73	145	40	128	95	110	86	89	126	50	131	113	50	110	81	123
4	86	94	109	107	123	98	90	116	81	75	126	140	133	79	109	103	113	127	103	113	126	65	104	106	137	75	127	94	100	106	87	141	117	48	124	101	158	109	103	66	59	103	178	74	142	82	93	156	96	119	95	75	141	149	145	57	48	107	99	143	108	94	106	60	34	120	155	113	76	86	108	103	59	132	75	109	165	79	89	120	144	69	76	84	163	67	144	97	102	96	116	115	84	131	104	41	122	107	111
10	75	69	107	192	134	164	147	134	130	103	173	184	207	155	160	140	158	192	174	156	146	155	171	114	173	127	135	145	98	207	124	212	159	103	126	163	158	138	163	79	91	116	273	183	157	101	101	232	113	194	125	154	172	218	219	104	123	167	106	210	177	148	123	114	83	105	179	180	106	136	110	163	107	158	98	153	223	125	146	105	188	132	116	150	209	95	193	112	126	189	148	170	171	171	120	101	186	148	157
2	83	115	123	134	179	145	132	169	106	157	191	186	172	123	161	129	133	184	172	167	161	109	167	163	193	139	202	158	156	187	181	227	180	127	163	156	229	130	194	106	78	141	247	131	206	153	122	226	116	151	160	133	178	220	217	116	108	160	136	188	147	149	130	126	51	168	196	155	116	114	152	167	133	194	155	187	244	117	157	183	218	93	147	186	219	102	220	122	135	159	162	189	144	218	146	133	194	192	190
4	76	74	98	164	145	247	185	169	116	211	235	237	220	196	209	196	219	211	256	249	208	202	207	142	197	208	254	220	208	282	173	250	164	161	168	233	249	126	201	126	132	131	298	183	217	123	137	299	111	261	197	221	201	230	272	172	145	237	136	266	248	179	191	159	77	194	189	201	101	139	146	204	193	236	210	216	308	179	215	135	247	204	151	267	196	131	229	197	174	261	241	185	246	279	210	220	245	192	250
18	47	67	90	147	132	185	287	252	162	245	227	236	264	185	192	228	182	161	228	243	273	184	198	134	241	196	230	235	193	333	212	296	170	166	161	233	285	193	196	146	174	160	297	240	290	173	135	271	130	235	262	248	244	309	239	145	150	198	176	311	302	253	216	213	107	173	232	205	167	124	172	270	181	230	242	295	254	283	204	185	278	173	206	263	224	186	233	191	192	269	221	255	226	287	181	219	217	251	229
14	71	109	116	134	169	169	252	260	163	247	243	253	260	189	203	206	184	186	236	254	287	165	210	186	265	192	259	223	213	306	237	306	201	179	202	236	322	202	218	170	165	176	299	209	309	209	162	279	162	223	261	228	263	322	263	166	145	212	197	295	263	243	209	207	109	226	268	207	189	127	193	277	194	262	256	300	284	260	207	228	305	152	222	270	262	190	269	200	201	257	224	272	213	303	193	210	225	271	249
8	32	46	81	130	106	116	162	163	190	122	205	211	241	177	199	155	147	148	193	214	232	204	173	179	186	150	159	147	129	250	140	242	182	168	165	238	229	154	176	168	164	141	227	195	171	181	158	197	157	164	200	158	213	267	239	165	142	211	115	216	186	213	133	159	143	182	237	176	203	128	115	237	174	183	196	202	252	217	168	140	246	161	154	229	237	206	243	156	131	232	179	190	225	200	108	137	159	242	171
10	45	93	75	103	157	211	245	247	122	326	274	269	257	231	217	206	216	210	306	300	303	208	261	204	276	255	321	272	280	365	296	340	213	256	209	292	358	188	278	200	178	171	331	232	335	228	184	343	152	281	276	298	255	315	303	239	197	261	226	307	297	237	244	243	124	277	252	235	189	131	213	319	278	323	343	330	337	274	276	242	332	186	258	360	246	204	290	252	222	312	255	295	277	360	247	328	263	302	318
6	69	105	126	173	191	235	227	243	205	274	439	365	422	365	333	272	354	307	429	368	373	306	380	293	327	371	383	357	375	432	358	454	372	293	362	480	516	299	393	322	273	329	493	314	349	345	345	493	319	408	343	295	417	411	410	350	289	369	323	405	388	353	357	262	182	427	434	341	336	208	329	441	346	390	430	357	478	348	363	312	459	310	271	408	392	384	466	357	280	412	410	377	438	392	325	400	333	433	385
14	111	129	140	184	186	237	236	253	211	269	365	525	470	439	402	353	418	391	408	477	457	350	413	406	407	382	380	369	405	470	296	446	378	408	430	491	520	357	376	361	387	310	501	333	452	355	396	600	395	515	367	463	471	465	505	394	346	439	325	473	486	336	457	285	238	425	493	455	399	232	409	508	412	465	484	445	548	389	481	342	561	373	323	413	444	410	444	399	347	482	478	398	432	465	355	425	371	494	523
20	90	108	133	207	172	220	264	260	241	257	422	470	549	435	417	323	445	364	463	479	498	400	429	378	427	399	405	390	401	526	350	484	427	384	427	544	566	393	428	384	406	368	558	382	444	404	408	591	416	524	387	429	488	484	473	407	347	430	363	523	508	382	478	311	294	424	527	490	420	261	409	544	419	461	508	441	534	467	454	323	541	365	345	414	460	459	496	411	360	531	469	439	483	419	372	440	369	503	477
18	87	87	79	155	123	196	185	189	177	231	365	439	435	570	401	306	470	416	492	459	436	323	429	377	402	436	371	407	385	418	378	440	384	372	443	468	530	356	361	372	363	311	468	353	414	381	413	572	487	610	345	456	521	453	511	453	427	442	397	475	456	352	429	315	289	450	466	440	431	208	381	493	386	455	488	475	473	364	428	325	562	365	356	384	393	427	458	401	341	524	509	464	475	459	347	512	396	457	521
2	83	79	109	160	161	209	192	203	199	217	333	402	417	401	610	406	456	378	503	605	532	538	437	556	456	529	539	487	421	515	391	484	459	509	520	512	669	381	448	434	443	349	474	375	517	429	512	490	483	591	520	497	495	467	617	488	518	588	415	529	532	462	591	406	427	460	473	545	456	349	486	447	488	526	577	592	563	505	517	418	600	417	400	448	431	478	550	423	412	627	632	471	520	469	395	589	446	642	600
6	69	63	103	140	129	196	228	206	155	206	272	353	323	306	406	496	426	363	357	484	472	404	398	391	428	432	400	446	451	408	309	465	415	387	412	405	569	382	326	359	394	385	486	392	507	334	419	482	335	542	436	426	487	407	480	343	442	518	398	497	544	389	529	307	282	388	370	463	384	240	430	418	362	513	526	517	488	416	477	442	550	400	270	419	376	437	434	433	389	502	509	445	447	425	368	465	394	524	462
14	121	107	113	158	133	219	182	184	147	216	354	418	445	470	456	426	666	514	534	599	596	501	540	452	537	516	512	534	544	470	428	498	541	427	614	530	707	504	418	486	478	449	632	414	562	478	462	653	502	770	483	485	634	472	544	459	513	614	476	623	592	407	692	372	379	507	504	588	443	312	504	552	496	680	615	571	593	471	590	443	624	477	385	465	482	513	581	540	496	660	616	569	522	449	543	581	496	551	623
12	118	128	127	192	184	211	161	186	148	210	307	391	364	416	378	363	514	536	446	521	486	422	514	437	504	447	435	446	448	424	445	489	497	418	519	448	584	459	406	417	400	413	609	414	535	448	387	621	439	639	383	451	557	463	529	459	470	559	422	545	470	362	518	330	328	445	456	522	410	299	475	496	451	616	500	507	539	375	528	433	607	403	374	477	487	393	543	446	444	599	509	566	465	440	462	524	473	503	602
12	88	104	103	174	172	256	228	236	193	306	429	408	463	492	503	357	534	446	667	649	621	589	611	556	551	591	600	566	518	624	587	566	494	554	578	621	754	468	526	512	442	465	641	478	605	528	549	673	523	724	532	526	649	534	630	596	538	646	498	595	611	530	586	435	445	634	573	527	494	390	519	608	607	649	674	634	638	533	596	470	663	497	458	569	553	548	683	536	486	666	622	596	591	541	484	702	543	599	624
10	115	107	113	156	167	249	243	254	214	300	368	477	479	459	605	484	599	521	649	952	891	776	735	795	767	642	733	711	644	747	646	713	594	697	678	718	910	574	607	668	694	590	749	617	784	692	681	758	655	847	655	740	712	649	729	744	699	882	634	779	732	578	761	604	609	765	652	691	638	541	766	707	777	903	863	770	773	780	798	621	855	647	597	741	684	649	729	703	609	901	783	725	791	647	617	823	624	771	850
18	117	123	126	146	161	208	273	287	232	303	373	457	498	436	532	472	596	486	621	891	1003	759	754	777	831	666	733	751	638	762	687	792	604	692	649	775	956	662	662	707	706	637	775	683	856	711	698	804	686	881	650	698	784	727	708	731	675	878	724	819	752	579	790	615	689	807	745	690	683	614	743	799	766	954	919	749	766	841	789	688	840	562	664	771	757	688	745	825	584	870	765	794	845	666	607	812	639	784	792
4	16	26	65	155	109	202	184	165	204	208	306	350	400	323	538	404	501	422	589	776	759	912	768	773	675	685	644	736	530	808	635	636	607	726	670	780	805	616	601	738	634	586	722	653	716	681	575	745	573	800	733	597	735	666	702	741	741	890	575	654	707	647	742	554	659	706	618	631	592	640	650	677	831	822	812	750	752	749	826	531	783	674	602	748	678	651	792	699	561	815	731	667	734	539	594	786	606	754	763
12	78	102	104	171	167	207	198	210	173	261	380	413	429	429	437	398	540	514	611	735	754	768	1054	816	806	740	722	813	679	779	819	856	703	760	836	857	936	842	801	790	650	701	968	795	891	753	715	1035	690	926	840	720	877	844	742	786	828	1017	723	700	859	697	919	605	648	885	829	666	674	696	836	881	870	960	868	812	864	850	950	713	911	767	666	805	885	757	890	809	711	845	831	921	801	594	668	876	711	885	954
2	63	105	106	114	163	142	134	186	179	204	293	406	378	377	556	391	452	437	556	795	777	773	816	1040	767	707	778	739	668	792	707	810	678	791	814	843	975	745	743	803	686	609	801	661	767	800	743	896	728	927	824	757	776	772	882	851	855	940	713	688	765	665	762	630	699	925	729	686	770	628	796	753	890	900	850	820	840	806	864	738	960	713	720	794	867	717	835	706	624	808	853	783	807	647	674	885	641	949	906
18	127	143	137	173	193	197	241	265	186	276	327	407	427	402	456	428	537	504	551	767	831	675	806	767	894	673	694	808	661	789	729	798	716	710	714	757	938	750	723	744	629	664	831	742	902	772	650	906	648	956	723	707	801	810	733	719	774	908	757	797	781	617	815	587	618	824	727	712	623	664	795	811	759	931	853	786	776	805	832	717	891	605	688	771	810	718	827	788	639	837	769	843	799	641	707	776	644	793	854
2	43	59	75	127	139	208	196	192	150	255	371	382	399	436	529	432	516	447	591	642	666	685	740	707	673	965	793	822	675	769	821	754	737	806	757	884	910	750	786	832	672	652	740	672	893	769	749	919	768	979	795	716	838	745	848	827	866	883	670	784	813	813	870	619	599	810	771	693	701	609	829	883	843	828	852	816	746	749	803	683	941	627	692	798	770	810	870	787	689	855	996	794	876	709	746	1024	639	925	897
4	96	132	127	135	202	254	230	259	159	321	383	380	405	371	539	400	512	435	600	733	733	644	722	778	694	793	912	718	706	748	785	811	686	707	755	816	978	700	780	750	680	593	793	585	862	739	725	876	718	912	807	728	743	696	828	794	732	898	662	777	773	700	820	635	618	846	743	699	655	563	767	793	828	914	836	808	807	806	738	706	875	629	696	803	793	682	808	746	725	852	895	812	827	707	756	957	685	895	879
4	66	72	94	145	158	220	235	223	147	272	357	369	390	407	487	446	534	446	566	711	751	736	813	739	808	822	718	1152	825	947	900	853	864	794	768	856	1075	862	866	931	818	769	886	885	968	912	752	1074	805	1173	891	826	904	880	863	819	1021	995	871	883	935	857	956	674	633	862	784	789	755	829	942	940	892	956	972	993	891	956	1029	758	977	805	845	967	848	834	947	935	668	945	1012	906	1002	780	871	1021	822	931	1001
2	83	103	100	98	156	208	193	213	129	280	375	405	401	385	421	451	544	448	518	644	638	530	679	668	661	675	706	825	966	751	724	822	842	724	737	784	985	769	815	805	744	680	871	726	807	813	794	1041	717	1046	805	834	745	688	861	732	861	895	711	807	892	774	848	560	485	854	697	724	709	494	840	973	862	923	884	837	925	794	870	728	1010	815	680	893	778	831	842	824	752	886	910	836	863	685	860	944	663	906	874
16	34	80	106	207	187	282	333	306	250	365	432	470	526	418	515	408	470	424	624	747	762	808	779	792	789	769	748	947	751	1225	916	910	870	948	794	1060	1077	877	958	1013	826	823	926	851	947	1019	694	1148	791	1161	957	875	884	944	979	1031	940	1068	803	930	1009	931	888	785	740	925	829	826	800	822	867	1027	963	974	961	950	1038	1006	998	759	1034	851	918	1054	942	923	1063	924	742	979	946	833	1009	787	891	1071	754	1043	1022
10	55	107	87	124	181	173	212	237	140	296	358	296	350	378	391	309	428	445	587	646	687	635	819	707	729	821	785	900	724	916	1170	903	843	878	828	917	1070	936	982	1022	803	939	935	806	1105	1012	806	1043	912	1121	872	861	983	842	931	1025	986	1025	839	925	909	976	866	787	745	931	908	811	886	798	954	1053	927	1047	915	1011	954	972	931	897	975	700	919	1005	967	879	1055	919	853	944	967	1005	964	825	804	1137	821	1036	1068
12	78	120	141	212	227	250	296	306	242	340	454	446	484	440	484	465	498	489	566	713	792	636	856	810	798	754	811	853	822	910	903	1273	860	874	880	1061	1111	987	1038	912	844	851	1143	955	1015	952	973	1170	892	1163	950	932	894	1018	1008	993	1007	1080	949	939	1028	914	1027	818	795	1006	1023	874	998	837	962	1146	982	1143	990	972	1092	1155	1044	959	1122	784	852	1067	1136	946	1047	963	829	964	996	1115	1149	852	834	1100	832	1274	1028
6	59	103	117	159	180	164	170	201	182	213	372	378	427	384	459	415	541	497	494	594	604	607	703	678	716	737	686	864	842	870	843	860	1122	880	863	960	1044	947	949	1090	834	802	969	835	998	1033	797	1109	944	1129	988	841	903	828	1046	884	1082	1084	812	879	922	926	933	725	672	878	815	922	883	707	894	1065	932	1043	915	940	1014	854	919	899	1049	848	864	930	946	958	1009	934	875	970	976	959	1026	772	977	994	752	1067	1000
2	23	49	48	103	127	161	166	179	168	256	293	408	384	372	509	387	427	418	554	697	692	726	760	791	710	806	707	794	724	948	878	874	880	1303	902	1145	1086	1020	1050	1161	875	869	861	923	1212	1119	901	1186	905	1144	1029	965	976	954	1086	1087	1099	1178	835	853	1111	1019	1041	914	897	905	884	915	984	904	1011	1202	1121	1046	1060	1033	1069	1035	1105	954	1020	831	906	1087	985	1028	1056	935	885	976	1079	1015	1110	854	851	1152	784	1201	1147
8	92	124	124	126	163	168	161	202	165	209	362	430	427	443	520	412	614	519	578	678	649	670	836	814	714	757	755	768	737	794	828	880	863	902	1238	1103	1192	1080	909	1060	812	918	1069	720	1091	1028	891	1192	928	1202	1144	857	1112	954	982	1039	1059	1034	846	909	1031	1033	1197	763	819	1010	1024	901	941	836	1018	1053	1091	1096	951	1029	1024	1088	1083	955	1096	918	821	908	1062	1011	1109	913	965	944	1115	1109	930	830	980	1093	829	1200	1220
8	32	76	101	163	156	233	233	236	238	292	480	491	544	468	512	405	530	448	621	718	775	780	857	843	757	884	816	856	784	1060	917	1061	960	1145	1103	1586	1333	1177	1203	1353	979	1069	1166	1044	1281	1282	1088	1434	1089	1314	1234	1042	1210	1145	1216	1237	1229	1260	1038	1088	1237	1248	1243	983	958	1205	1163	1016	1152	1051	1254	1407	1382	1293	1173	1042	1271	1333	1254	1073	1238	1075	1078	1197	1219	1220	1237	1207	1044	1131	1295	1224	1320	1055	1146	1296	895	1381	1261
8	112	152	158	158	229	249	285	322	229	358	516	520	566	530	669	569	707	584	754	910	956	805	936	975	938	910	978	1075	985	1077	1070	1111	1044	1086	1192	1333	1674	1259	1218	1261	1094	1136	1239	1029	1393	1296	1136	1369	1108	1494	1248	1196	1296	1147	1227	1184	1285	1339	1143	1258	1328	1220	1398	975	1010	1271	1172	1162	1198	1046	1329	1348	1249	1396	1269	1278	1295	1416	1351	1243	1215	1101	1088	1242	1258	1239	1342	1216	1051	1237	1351	1307	1283	1113	1151	1398	1133	1429	1387
20	80	106	109	138	130	126	193	202	154	188	299	357	393	356	381	382	504	459	468	574	662	616	842	745	750	750	700	862	769	877	936	987	947	1020	1080	1177	1259	1424	1086	1272	1053	1067	1186	1019	1361	1237	962	1352	1135	1380	1219	1092	1255	1172	1133	1134	1247	1231	1089	1094	1277	1184	1336	952	1017	1059	1143	1018	1183	1046	1195	1362	1153	1207	1019	1181	1083	1358	1252	1062	1182	1062	1013	1168	1221	1102	1276	1171	1109	1057	1213	1240	1145	997	1060	1242	1004	1334	1334
2	63	93	103	163	194	201	196	218	176	278	393	376	428	361	448	326	418	406	526	607	662	601	801	743	723	786	780	866	815	958	982	1038	949	1050	909	1203	1218	1086	1474	1197	995	1001	1163	1018	1262	1259	1067	1342	1107	1322	1187	1129	1019	1101	1222	1182	1320	1253	1038	1104	1231	1195	1110	1066	974	1064	1137	1008	1030	1016	1216	1371	1274	1228	1171	1040	1224	1248	1212	1135	1134	999	1075	1187	1258	1236	1188	1202	1088	1111	1277	1215	1242	1051	1030	1374	989	1311	1244
6	19	65	66	79	106	126	146	170	168	200	322	361	384	372	434	359	486	417	512	668	707	738	790	803	744	832	750	931	805	1013	1022	912	1090	1161	1060	1353	1261	1272	1197	1666	1164	1175	1141	1087	1508	1504	981	1419	1275	1491	1342	1096	1328	1204	1312	1331	1475	1433	1206	1152	1273	1338	1189	1146	1050	1238	1171	1167	1290	1128	1336	1498	1361	1361	1233	1307	1313	1324	1346	1183	1299	1187	1232	1258	1230	1304	1280	1349	1221	1163	1379	1215	1374	1180	1242	1408	1078	1342	1448
10	35	43	59	91	78	132	174	165	164	178	273	387	406	363	443	394	478	400	442	694	706	634	650	686	629	672	680	818	744	826	803	844	834	875	812	979	1094	1053	995	1164	1332	974	1046	904	1263	1247	960	1217	1215	1360	1104	1151	1065	1058	1088	1218	1237	1218	981	1147	1173	1140	1171	990	1043	994	1103	1106	1185	926	1184	1314	1179	1155	1063	1256	1135	1341	1259	972	1140	1112	1075	1161	1135	1105	1119	1221	1094	1157	1208	1081	1274	1079	1013	1296	1082	1172	1195
4	56	82	103	116	141	131	160	176	141	171	329	310	368	311	349	385	449	413	465	590	637	586	701	609	664	652	593	769	680	823	939	851	802	869	918	1069	1136	1067	1001	1175	974	1326	1086	906	1321	1272	957	1214	1067	1256	1089	949	1239	1048	987	1212	1168	1120	1025	1167	1208	1160	1190	906	982	1027	1110	1002	1112	951	1216	1257	1066	1198	1127	1151	1142	1294	1252	1106	1148	977	964	1118	1110	1174	1262	1203	1046	968	1136	1106	1135	1029	958	1223	1000	1194	1174
20	120	156	178	273	247	298	297	299	227	331	493	501	558	468	474	486	632	609	641	749	775	722	968	801	831	740	793	886	871	926	935	1143	969	861	1069	1166	1239	1186	1163	1141	1046	1086	1659	1180	1440	1250	1192	1494	1206	1563	1312	1167	1301	1279	1363	1299	1427	1282	1175	1290	1369	1274	1333	1026	1068	1263	1410	1295	1227	1112	1355	1427	1376	1405	1208	1338	1406	1483	1432	1249	1397	1224	1105	1255	1408	1293	1436	1275	1274	1249	1283	1407	1402	1242	1149	1369	1165	1392	1398
14	41	43	74	183	131	183	240	209	195	232	314	333	382	353	375	392	414	414	478	617	683	653	795	661	742	672	585	885	726	851	806	955	835	923	720	1044	1029	1019	1018	1087	904	906	1180	1269	1300	1161	991	1212	1002	1286	1109	1010	1046	1138	1155	1035	1282	1203	1019	1077	1256	1103	1081	910	908	976	1067	1061	1068	1033	1203	1296	1172	1152	1067	1160	1160	1293	1268	1024	1132	1028	1034	1145	1112	1146	1204	1103	983	1098	1148	1192	1280	1000	929	1127	939	1165	1122
20	130	158	142	157	206	217	290	309	171	335	349	452	444	414	517	507	562	535	605	784	856	716	891	767	902	893	862	968	807	947	1105	1015	998	1212	1091	1281	1393	1361	1262	1508	1263	1321	1440	1300	2150	1615	1346	1645	1511	1742	1612	1458	1674	1516	1575	1580	1716	1620	1466	1557	1638	1533	1572	1307	1410	1353	1653	1620	1460	1401	1716	1703	1511	1641	1474	1765	1578	1771	1691	1610	1448	1327	1463	1416	1512	1549	1662	1538	1539	1468	1667	1662	1530	1583	1391	1651	1396	1553	1689
6	29	85	82	101	153	123	173	209	181	228	345	355	404	381	429	334	478	448	528	692	711	681	753	800	772	769	739	912	813	1019	1012	952	1033	1119	1028	1282	1296	1237	1259	1504	1247	1272	1250	1161	1615	1874	1105	1615	1461	1660	1520	1317	1434	1460	1417	1601	1633	1472	1333	1396	1479	1436	1400	1373	1303	1322	1392	1354	1427	1191	1575	1671	1456	1496	1387	1504	1473	1589	1526	1353	1457	1335	1413	1446	1371	1576	1597	1425	1363	1344	1584	1441	1507	1362	1350	1598	1199	1479	1515
2	93	81	93	101	122	137	135	162	158	184	345	396	408	413	512	419	462	387	549	681	698	575	715	743	650	749	725	752	794	694	806	973	797	901	891	1088	1136	962	1067	981	960	957	1192	991	1346	1105	1608	1380	1351	1460	1226	1288	1222	1108	1417	1316	1458	1329	1119	1215	1293	1360	1352	1043	1208	1264	1444	1239	1293	1033	1461	1385	1386	1345	1250	1301	1395	1451	1302	1263	1328	1155	1115	1141	1394	1334	1359	1262	1304	1227	1335	1311	1339	1230	1096	1447	1000	1474	1291
18	117	153	156	232	226	299	271	279	197	343	493	600	591	572	490	482	653	621	673	758	804	745	1035	896	906	919	876	1074	1041	1148	1043	1170	1109	1186	1192	1434	1369	1352	1342	1419	1217	1214	1494	1212	1645	1615	1380	2279	1573	1927	1662	1632	1629	1682	1605	1691	1740	1751	1510	1549	1654	1602	1635	1351	1412	1569	1713	1556	1445	1324	1724	1868	1685	1685	1572	1626	1870	1622	1686	1463	1705	1597	1567	1593	1742	1582	1598	1662	1595	1554	1736	1710	1659	1557	1652	1804	1402	1659	1816
14	91	101	96	113	116	111	130	162	157	152	319	395	416	487	483	335	502	439	523	655	686	573	690	728	648	768	718	805	717	791	912	892	944	905	928	1089	1108	1135	1107	1275	1215	1067	1206	1002	1511	1461	1351	1573	1930	1735	1577	1498	1480	1378	1595	1595	1694	1456	1385	1472	1434	1496	1443	1269	1435	1380	1610	1471	1474	1255	1595	1628	1449	1524	1382	1641	1556	1575	1399	1465	1484	1386	1509	1281	1575	1563	1515	1541	1585	1428	1633	1525	1531	1522	1276	1687	1249	1547	1540
20	130	116	119	194	151	261	235	223	164	281	408	515	524	610	591	542	770	639	724	847	881	800	926	927	956	979	912	1173	1046	1161	1121	1163	1129	1144	1202	1314	1494	1380	1322	1491	1360	1256	1563	1286	1742	1660	1460	1927	1735	2533	1654	1683	1793	1665	1816	1898	2012	1826	1765	1820	1800	1702	1735	1423	1565	1733	1741	1843	1565	1562	1829	1906	1639	1764	1618	1958	1953	1778	1893	1664	1815	1599	1687	1631	1789	1816	1806	1779	1791	1722	1943	1732	1774	1592	1707	1936	1577	1808	1867
6	19	71	95	125	160	197	262	261	200	276	343	367	387	345	520	436	483	383	532	655	650	733	840	824	723	795	807	891	805	957	872	950	988	1029	1144	1234	1248	1219	1187	1342	1104	1089	1312	1109	1612	1520	1226	1662	1577	1654	2112	1530	1626	1619	1689	1651	1844	1658	1407	1496	1686	1756	1620	1357	1498	1394	1647	1468	1464	1383	1586	1632	1656	1558	1529	1729	1738	1771	1626	1628	1659	1637	1568	1536	1611	1758	1732	1537	1680	1542	1806	1676	1486	1628	1525	1804	1397	1798	1672
18	87	81	75	154	133	221	248	228	158	298	295	463	429	456	497	426	485	451	526	740	698	597	720	757	707	716	728	826	834	875	861	932	841	965	857	1042	1196	1092	1129	1096	1151	949	1167	1010	1458	1317	1288	1632	1498	1683	1530	2031	1450	1506	1655	1550	1810	1610	1344	1619	1601	1609	1515	1341	1465	1357	1530	1570	1481	1190	1645	1716	1517	1670	1424	1683	1703	1654	1580	1483	1533	1455	1477	1472	1611	1531	1482	1505	1526	1632	1717	1474	1502	1603	1461	1777	1418	1604	1691
18	97	131	141	172	178	201	244	263	213	255	417	471	488	521	495	487	634	557	649	712	784	735	877	776	801	838	743	904	745	884	983	894	903	976	1112	1210	1296	1255	1019	1328	1065	1239	1301	1046	1674	1434	1222	1629	1480	1793	1626	1450	2004	1591	1639	1723	1725	1686	1575	1623	1686	1694	1581	1323	1495	1593	1752	1616	1522	1455	1638	1718	1585	1650	1568	1762	1734	1701	1658	1624	1695	1421	1480	1526	1653	1679	1803	1629	1657	1554	1819	1689	1439	1665	1523	1774	1498	1691	1711
20	90	132	149	218	220	230	309	322	267	315	411	465	484	453	467	407	472	463	534	649	727	666	844	772	810	745	696	880	688	944	842	1018	828	954	954	1145	1147	1172	1101	1204	1058	1048	1279	1138	1516	1460	1108	1682	1378	1665	1619	1506	1591	2019	1628	1724	1782	1785	1521	1531	1600	1700	1604	1438	1573	1523	1740	1628	1536	1486	1708	1756	1550	1576	1555	1773	1751	1754	1728	1452	1803	1484	1526	1665	1785	1681	1708	1599	1565	1594	1798	1683	1677	1572	1550	1702	1486	1736	1678
10	105	129	145	219	217	272	239	263	239	303	410	505	473	511	617	480	544	529	630	729	708	702	742	882	733	848	828	863	861	979	931	1008	1046	1086	982	1216	1227	1133	1222	1312	1088	987	1363	1155	1575	1417	1417	1605	1595	1816	1689	1655	1639	1628	2206	1778	1988	1829	1437	1628	1737	1801	1539	1458	1546	1545	1706	1750	1659	1465	1685	1706	1667	1662	1501	1738	1899	1680	1556	1686	1870	1563	1634	1608	1791	1807	1825	1575	1746	1742	1900	1637	1739	1770	1600	1908	1417	1843	1698
8	32	70	57	104	116	172	145	166	165	239	350	394	407	453	488	343	459	459	596	744	731	741	786	851	719	827	794	819	732	1031	1025	993	884	1087	1039	1237	1184	1134	1182	1331	1218	1212	1299	1035	1580	1601	1316	1691	1595	1898	1651	1550	1723	1724	1778	2298	1937	1912	1626	1696	1708	1780	1520	1533	1879	1695	1862	1740	1701	1603	1789	1824	1715	1690	1650	1782	1922	1815	1767	1679	1938	1623	1686	1822	1806	1873	1913	1742	1769	1734	1974	1692	1792	1773	1727	2121	1539	1852	1867
4	26	34	48	123	108	145	150	145	142	197	289	346	347	427	518	442	513	470	538	699	675	741	828	855	774	866	732	1021	861	940	986	1007	1082	1099	1059	1229	1285	1247	1320	1475	1237	1168	1427	1282	1716	1633	1458	1740	1694	2012	1844	1810	1725	1782	1988	1937	2540	2112	1752	1884	1939	1981	1799	1701	1794	1758	1919	1841	1825	1797	2014	1981	1847	1862	1843	1940	2097	1872	2067	1923	2023	1849	1834	1841	1947	2089	1932	1815	1873	1941	2162	1836	2009	1910	1855	2215	1742	1951	1988
6	89	91	107	167	160	237	198	212	211	261	369	439	430	442	588	518	614	559	646	882	878	890	1017	940	908	883	898	995	895	1068	1025	1080	1084	1178	1034	1260	1339	1231	1253	1433	1218	1120	1282	1203	1620	1472	1329	1751	1456	1826	1658	1610	1686	1785	1829	1912	2112	2572	1717	1802	1887	1881	1858	1746	1755	1829	1852	1794	1743	1830	1903	1934	1884	1934	1868	1842	2306	1804	1995	1814	2041	1805	1739	1958	1993	1960	1922	1889	1965	2008	2147	1842	1993	1735	1885	2139	1710	1981	2062
14	91	113	99	106	136	136	176	197	115	226	323	325	363	397	415	398	476	422	498	634	724	575	723	713	757	670	662	871	711	803	839	949	812	835	846	1038	1143	1089	1038	1206	981	1025	1175	1019	1466	1333	1119	1510	1385	1765	1407	1344	1575	1521	1437	1626	1752	1717	1856	1604	1569	1526	1495	1351	1517	1588	1689	1542	1488	1554	1711	1654	1492	1644	1594	1664	1738	1671	1690	1666	1713	1387	1454	1516	1615	1648	1591	1697	1599	1554	1856	1672	1604	1528	1541	1789	1477	1671	1678
20	130	122	143	210	188	266	311	295	216	307	405	473	523	475	529	497	623	545	595	779	819	654	700	688	797	784	777	883	807	930	925	939	879	853	909	1088	1258	1094	1104	1152	1147	1167	1290	1077	1557	1396	1215	1549	1472	1820	1496	1619	1623	1531	1628	1696	1884	1802	1604	2150	1885	1715	1782	1388	1637	1591	1844	1737	1678	1556	1778	1826	1617	1832	1639	1757	1934	1891	1837	1803	1928	1575	1605	1695	1793	1844	1855	1791	1752	1859	2084	1734	1790	1780	1696	2014	1634	1781	1823
16	84	78	108	177	147	248	302	263	186	297	388	486	508	456	532	544	592	470	611	732	752	707	859	765	781	813	773	935	892	1009	909	1028	922	1111	1031	1237	1328	1277	1231	1273	1173	1208	1369	1256	1638	1479	1293	1654	1434	1800	1686	1601	1686	1600	1737	1708	1939	1887	1569	1885	2347	1882	1928	1571	1654	1615	1868	1689	1751	1736	1877	1992	1863	1880	1776	1896	2068	1977	1935	1843	1943	1769	1606	1850	1837	2082	2014	1876	1888	1783	2187	1792	1746	1822	1684	2053	1704	1897	1847
8	32	58	94	148	149	179	253	243	213	237	353	336	382	352	462	389	407	362	530	578	579	647	697	665	617	813	700	857	774	931	976	914	926	1019	1033	1248	1220	1184	1195	1338	1140	1160	1274	1103	1533	1436	1360	1602	1496	1702	1756	1609	1694	1700	1801	1780	1981	1881	1526	1715	1882	2325	1776	1671	1653	1664	1910	1620	1813	1742	2012	2066	2047	1767	1657	1967	2040	1915	1811	1802	1993	1722	1725	1904	1984	2042	1998	1827	2005	1802	2086	1800	1776	1926	1761	2134	1609	1976	1906
10	105	93	106	123	130	191	216	209	133	244	357	457	478	429	591	529	692	518	586	761	790	742	919	762	815	870	820	956	848	888	866	1027	933	1041	1197	1243	1398	1336	1110	1189	1171	1190	1333	1081	1572	1400	1352	1635	1443	1735	1620	1515	1581	1604	1539	1520	1799	1858	1495	1782	1928	1776	2598	1553	1766	1607	1901	1714	1842	1840	1922	1936	1925	1934	1826	1954	1958	2103	2086	1832	2075	1713	1606	1746	1926	1980	2117	1834	1971	1884	2193	1968	1894	1732	1777	2068	1593	2046	1959
8	32	52	60	114	126	159	213	207	159	243	262	285	311	315	406	307	372	330	435	604	615	554	605	630	587	619	635	674	560	785	787	818	725	914	763	983	975	952	1066	1146	990	906	1026	910	1307	1373	1043	1351	1269	1423	1357	1341	1323	1438	1458	1533	1701	1746	1351	1388	1571	1671	1553	1875	1532	1446	1549	1446	1574	1564	1704	1761	1772	1622	1609	1662	1821	1643	1626	1574	1700	1433	1632	1699	1630	1689	1660	1564	1752	1595	1815	1539	1655	1722	1497	1866	1393	1689	1797
12	28	32	34	83	51	77	107	109	143	124	182	238	294	289	427	282	379	328	445	609	689	659	648	699	618	599	618	633	485	740	745	795	672	897	819	958	1010	1017	974	1050	1043	982	1068	908	1410	1303	1208	1412	1435	1565	1498	1465	1495	1573	1546	1879	1794	1755	1517	1637	1654	1653	1766	1532	2296	1572	1953	1800	1840	1763	1762	1813	1737	1822	1691	1901	1925	1927	1896	1826	1891	1711	1687	1781	1908	1830	1970	1841	1848	1786	1995	1819	1784	1790	1669	2028	1656	1901	1769
6	89	133	120	105	168	194	173	226	182	277	427	425	424	450	460	388	507	445	634	765	807	706	885	925	824	810	846	862	854	925	931	1006	878	905	1010	1205	1271	1059	1064	1238	994	1027	1263	976	1353	1322	1264	1569	1380	1733	1394	1357	1593	1523	1545	1695	1758	1829	1588	1591	1615	1664	1607	1446	1572	2214	1917	1754	1814	1746	1952	2024	1897	1947	1768	1895	2127	1818	1924	1814	2099	1724	1671	1857	1909	1883	1939	1904	1906	1743	2061	1833	1826	1753	1787	1958	1549	1913	1857
16	114	144	155	179	196	189	232	268	237	252	434	493	527	466	473	370	504	456	573	652	745	618	829	729	727	771	743	784	697	829	908	1023	815	884	1024	1163	1172	1143	1137	1171	1103	1110	1410	1067	1653	1392	1444	1713	1610	1741	1647	1530	1752	1740	1706	1862	1919	1852	1689	1844	1868	1910	1901	1549	1953	1917	2522	1971	2010	2011	2091	2174	1978	1951	1883	2121	2316	2097	2137	2086	2195	1842	1798	1922	2214	2197	2249	1931	2049	1942	2331	1985	1923	2012	1850	2154	1773	2197	2040
16	94	104	113	180	155	201	205	207	176	235	341	455	490	440	545	463	588	522	527	691	690	631	666	686	712	693	699	789	724	826	811	874	922	915	901	1016	1162	1018	1008	1167	1106	1002	1295	1061	1620	1354	1239	1556	1471	1843	1468	1570	1616	1628	1750	1740	1841	1794	1542	1737	1689	1620	1714	1446	1800	1754	1971	2452	1881	1841	2048	2037	1867	1918	1851	2216	2246	2060	2050	1897	2009	1789	1810	1824	1929	2024	2012	1828	2078	1996	2136	1968	1921	1889	1934	1963	1703	2048	1985
10	25	65	76	106	116	101	167	189	203	189	336	399	420	431	456	384	443	410	494	638	683	592	674	770	623	701	655	755	709	800	886	998	883	984	941	1152	1198	1183	1030	1290	1185	1112	1227	1068	1460	1427	1293	1445	1474	1565	1464	1481	1522	1536	1659	1701	1825	1743	1488	1678	1751	1813	1842	1574	1840	1814	2010	1881	2481	1875	1986	2090	1975	2030	1786	2123	2148	2092	2104	2029	2191	1863	1780	2085	2055	2024	2208	1921	1992	1849	2211	1980	2077	2098	1781	2219	1676	2163	2000
4	66	60	86	136	114	139	124	127	128	131	208	232	261	208	349	240	312	299	390	541	614	640	696	628	664	609	563	829	494	822	798	837	707	904	836	1051	1046	1046	1016	1128	926	951	1112	1033	1401	1191	1033	1324	1255	1562	1383	1190	1455	1486	1465	1603	1797	1830	1554	1556	1736	1742	1840	1564	1763	1746	2011	1841	1875	2714	2088	2145	2109	1869	1997	2169	2266	2171	2277	2066	2120	1930	1937	2222	2087	2135	2188	2031	2081	2066	2288	2046	2151	2102	1945	2271	1851	2080	2088
6	109	107	108	110	152	146	172	193	115	213	329	409	409	381	486	430	504	475	519	766	743	650	836	796	795	829	767	942	840	867	954	962	894	1011	1018	1254	1329	1195	1216	1336	1184	1216	1355	1203	1716	1575	1461	1724	1595	1829	1586	1645	1638	1708	1685	1789	2014	1903	1711	1778	1877	2012	1922	1704	1762	1952	2091	2048	1986	2088	2882	2459	2161	2163	2083	2261	2313	2304	2406	2148	2278	2129	2008	2218	2210	2308	2151	2138	2269	2143	2470	2152	2141	2186	2159	2368	1755	2228	2298
18	67	101	103	163	167	204	270	277	237	319	441	508	544	493	447	418	552	496	608	707	799	677	881	753	811	883	793	940	973	1027	1053	1146	1065	1202	1053	1407	1348	1362	1371	1498	1314	1257	1427	1296	1703	1671	1385	1868	1628	1906	1632	1716	1718	1756	1706	1824	1981	1934	1654	1826	1992	2066	1936	1761	1813	2024	2174	2037	2090	2145	2459	2934	2327	2248	2237	2386	2468	2329	2452	2127	2480	2117	2182	2507	2309	2363	2304	2343	2305	2230	2481	2246	2259	2323	2191	2419	1978	2317	2328
4	16	62	59	107	133	193	181	194	174	278	346	412	419	386	488	362	496	451	607	777	766	831	870	890	759	843	828	892	862	963	927	982	932	1121	1091	1382	1249	1153	1274	1361	1179	1066	1376	1172	1511	1456	1386	1685	1449	1639	1656	1517	1585	1550	1667	1715	1847	1884	1492	1617	1863	2047	1925	1772	1737	1897	1978	1867	1975	2109	2161	2327	2810	2199	2226	2249	2429	2352	2334	1970	2423	2080	2050	2320	2219	2184	2339	2204	2392	2212	2415	2271	2130	2275	2110	2400	1786	2164	2274
14	111	147	132	158	194	236	230	262	183	323	390	465	461	455	526	513	680	616	649	903	954	822	960	900	931	828	914	956	923	974	1047	1143	1043	1046	1096	1293	1396	1207	1228	1361	1155	1198	1405	1152	1641	1496	1345	1685	1524	1764	1558	1670	1650	1576	1662	1690	1862	1934	1644	1832	1880	1767	1934	1622	1822	1947	1951	1918	2030	1869	2163	2248	2199	2802	2196	2320	2369	2325	2334	2170	2310	1924	2054	2263	2245	1999	2321	2300	2256	2249	2416	2294	2060	2176	2101	2322	1927	2165	2317
4	36	78	75	98	155	210	242	256	196	343	430	484	508	488	577	526	615	500	674	863	919	812	868	850	853	852	836	972	884	961	915	990	915	1060	951	1173	1269	1019	1171	1233	1063	1127	1208	1067	1474	1387	1250	1572	1382	1618	1529	1424	1568	1555	1501	1650	1843	1868	1594	1639	1776	1657	1826	1609	1691	1768	1883	1851	1786	1997	2083	2237	2226	2196	2758	2246	2320	2308	2558	2104	2448	1982	2001	2430	2140	2257	2208	2306	2191	2377	2511	2173	2273	2325	2057	2482	2010	2211	2277
16	64	110	109	153	187	216	295	300	202	330	357	445	441	475	592	517	571	507	634	770	749	750	812	820	786	816	808	993	837	950	1011	972	940	1033	1029	1042	1278	1181	1040	1307	1256	1151	1338	1160	1765	1504	1301	1626	1641	1958	1729	1683	1762	1773	1738	1782	1940	1842	1664	1757	1896	1967	1954	1662	1901	1895	2121	2216	2123	2169	2261	2386	2249	2320	2246	3094	2501	2481	2613	2253	2504	2251	2255	2462	2323	2241	2483	2287	2491	2378	2560	2275	2235	2353	2171	2487	2187	2413	2470
4	106	140	165	223	244	308	254	284	252	337	478	548	534	473	563	488	593	539	638	773	766	752	864	840	776	746	807	891	925	1038	954	1092	1014	1069	1024	1271	1295	1083	1224	1313	1135	1142	1406	1160	1578	1473	1395	1870	1556	1953	1738	1703	1734	1751	1899	1922	2097	2306	1738	1934	2068	2040	1958	1821	1925	2127	2316	2246	2148	2266	2313	2468	2429	2369	2320	2501	3218	2389	2668	2413	2660	2363	2346	2511	2466	2533	2507	2364	2591	2490	2743	2385	2413	2468	2372	2522	2084	2463	2535
16	44	58	79	125	117	179	283	260	217	274	348	389	467	364	505	416	471	375	533	780	841	749	850	806	805	749	806	956	794	1006	972	1155	854	1035	1088	1333	1416	1358	1248	1324	1341	1294	1483	1293	1771	1589	1451	1622	1575	1778	1771	1654	1701	1754	1680	1815	1872	1804	1671	1891	1977	1915	2103	1643	1927	1818	2097	2060	2092	2171	2304	2329	2352	2325	2308	2481	2389	3416	2741	2266	2692	2329	2252	2572	2378	2504	2565	2614	2471	2607	2742	2569	2554	2539	2194	2798	2170	2735	2632
4	56	76	89	146	157	215	204	207	168	276	363	481	454	428	517	477	590	528	596	798	789	826	950	864	832	803	738	1029	870	998	931	1044	919	1105	1083	1254	1351	1252	1212	1346	1259	1252	1432	1268	1691	1526	1302	1686	1399	1893	1626	1580	1658	1728	1556	1767	2067	1995	1690	1837	1935	1811	2086	1626	1896	1924	2137	2050	2104	2277	2406	2452	2334	2334	2558	2613	2668	2741	3353	2390	2795	2420	2324	2678	2462	2420	2621	2605	2369	2712	2863	2419	2559	2531	2373	2722	2395	2615	2608
4	76	122	120	105	183	135	185	228	140	242	312	342	323	325	418	442	443	433	470	621	688	531	713	738	717	683	706	758	728	759	897	959	899	954	955	1073	1243	1062	1135	1183	972	1106	1249	1024	1610	1353	1263	1463	1465	1664	1628	1483	1624	1452	1686	1679	1923	1814	1666	1803	1843	1802	1832	1574	1826	1814	2086	1897	2029	2066	2148	2127	1970	2170	2104	2253	2413	2266	2390	2861	2405	2084	2127	2290	2432	2431	2401	2313	2365	2187	2684	2321	2273	2391	2158	2520	2046	2515	2273
14	101	139	144	188	218	247	278	305	246	332	459	561	541	562	600	550	624	607	663	855	840	783	911	960	891	941	875	977	1010	1034	975	1122	1049	1020	1096	1238	1215	1182	1134	1299	1140	1148	1397	1132	1448	1457	1328	1705	1484	1815	1659	1533	1695	1803	1870	1938	2023	2041	1713	1928	1943	1993	2075	1700	1891	2099	2195	2009	2191	2120	2278	2480	2423	2310	2448	2504	2660	2692	2795	2405	3540	2557	2365	2808	2490	2573	2661	2671	2646	2814	3058	2526	2680	2605	2625	2927	2200	2831	2607
6	39	39	69	132	93	204	173	152	161	186	310	373	365	365	417	400	477	403	497	647	562	674	767	713	605	627	629	805	815	851	700	784	848	831	918	1075	1101	1062	999	1187	1112	977	1224	1028	1327	1335	1155	1597	1386	1599	1637	1455	1421	1484	1563	1623	1849	1805	1387	1575	1769	1722	1713	1433	1711	1724	1842	1789	1863	1930	2129	2117	2080	1924	1982	2251	2363	2329	2420	2084	2557	2879	2123	2423	2206	2433	2280	2293	2399	2386	2641	2130	2353	2244	2331	2600	2066	2392	2330
14	41	91	76	116	147	151	206	222	154	258	271	323	345	356	400	270	385	374	458	597	664	602	666	720	688	692	696	845	680	918	919	852	864	906	821	1078	1088	1013	1075	1232	1075	964	1105	1034	1463	1413	1115	1567	1509	1687	1568	1477	1480	1526	1634	1686	1834	1739	1454	1605	1606	1725	1606	1632	1687	1671	1798	1810	1780	1937	2008	2182	2050	2054	2001	2255	2346	2252	2324	2127	2365	2123	2843	2458	2330	2325	2342	2309	2329	2434	2437	2370	2370	2426	2334	2556	2144	2397	2466
2	23	73	84	150	186	267	263	270	229	360	408	413	414	384	448	419	465	477	569	741	771	748	805	794	771	798	803	967	893	1054	1005	1067	930	1087	908	1197	1242	1168	1187	1258	1161	1118	1255	1145	1416	1446	1141	1593	1281	1631	1536	1472	1526	1665	1608	1822	1841	1958	1516	1695	1850	1904	1746	1699	1781	1857	1922	1824	2085	2222	2218	2507	2320	2263	2430	2462	2511	2572	2678	2290	2808	2423	2458	3340	2577	2498	2698	2604	2556	2757	2820	2474	2781	2734	2530	2949	2414	2793	2720
14	101	145	163	209	219	196	224	262	237	246	392	444	460	393	431	376	482	487	553	684	757	678	885	867	810	770	793	848	778	942	967	1136	946	985	1062	1219	1258	1221	1258	1230	1135	1110	1408	1112	1512	1371	1394	1742	1575	1789	1611	1611	1653	1785	1791	1806	1947	1993	1615	1793	1837	1984	1926	1630	1908	1909	2214	1929	2055	2087	2210	2309	2219	2245	2140	2323	2466	2378	2462	2432	2490	2206	2330	2577	3232	2636	2690	2403	2667	2491	2789	2593	2595	2459	2471	2756	2303	2786	2608
4	26	40	67	95	102	131	186	190	206	204	384	410	459	427	478	437	513	393	548	649	688	651	757	717	718	810	682	834	831	923	879	946	958	1028	1011	1220	1239	1102	1236	1304	1105	1174	1293	1146	1549	1576	1334	1582	1563	1816	1758	1531	1679	1681	1807	1873	2089	1960	1648	1844	2082	2042	1980	1689	1830	1883	2197	2024	2024	2135	2308	2363	2184	1999	2257	2241	2533	2504	2420	2431	2573	2433	2325	2498	2636	3340	2753	2456	2650	2557	2992	2465	2627	2501	2419	2924	2161	2851	2563
8	82	128	144	193	220	229	233	269	243	290	466	444	496	458	550	434	581	543	683	729	745	792	890	835	827	870	808	947	842	1063	1055	1047	1009	1056	1109	1237	1342	1276	1188	1280	1119	1262	1436	1204	1662	1597	1359	1598	1515	1806	1732	1482	1803	1708	1825	1913	1932	1922	1591	1855	2014	1998	2117	1660	1970	1939	2249	2012	2208	2188	2151	2304	2339	2321	2208	2483	2507	2565	2621	2401	2661	2280	2342	2698	2690	2753	3473	2511	2747	2725	2982	2510	2470	2561	2519	2814	2310	2888	2670
10	85	95	97	112	122	197	191	200	156	252	357	399	411	401	423	433	540	446	536	703	825	699	809	706	788	787	746	935	824	924	919	963	934	935	913	1207	1216	1171	1202	1349	1221	1203	1275	1103	1538	1425	1262	1662	1541	1779	1537	1505	1629	1599	1575	1742	1815	1889	1697	1791	1876	1827	1834	1564	1841	1904	1931	1828	1921	2031	2138	2343	2204	2300	2306	2287	2364	2614	2605	2313	2671	2293	2309	2604	2403	2456	2511	3143	2614	2636	2895	2510	2653	2601	2468	2788	2481	2650	2538
16	94	110	102	126	135	174	192	201	131	222	280	347	360	341	412	389	496	444	486	609	584	561	711	624	639	689	725	668	752	742	853	829	875	885	965	1044	1051	1109	1088	1221	1094	1046	1274	983	1539	1363	1304	1595	1585	1791	1680	1526	1657	1565	1746	1769	1873	1965	1599	1752	1888	2005	1971	1752	1848	1906	2049	2078	1992	2081	2269	2305	2392	2256	2191	2491	2591	2471	2369	2365	2646	2399	2329	2556	2667	2650	2747	2614	3525	2729	3055	2752	2614	2664	2712	2990	2439	2871	2890
16	94	86	96	189	159	261	269	257	232	312	412	482	531	524	627	502	660	599	666	901	870	815	845	808	837	855	852	945	886	979	944	964	970	976	944	1131	1237	1057	1111	1163	1157	968	1249	1098	1468	1344	1227	1554	1428	1722	1542	1632	1554	1594	1742	1734	1941	2008	1554	1859	1783	1802	1884	1595	1786	1743	1942	1996	1849	2066	2143	2230	2212	2249	2377	2378	2490	2607	2712	2187	2814	2386	2434	2757	2491	2557	2725	2636	2729	3346	3163	2647	2866	2690	2676	3076	2559	2862	2802
